Date,Open,High,Low,Close,Volume
2013-09-23,159.44778,162.50613,159.11716,159.94373000000002,10428684.0
2013-09-24,158.45588999999998,161.10095,155.23221,160.605,17402887.0
2013-09-25,160.77031000000002,161.18361000000002,157.05069,159.11716,8281674.0
2013-09-26,159.19981,160.10905,154.57095,154.65361,8805842.0
2013-09-27,154.81892,169.6974,154.81892,167.05234,19647900.0
2013-09-30,169.44943,171.84653,165.31651000000002,167.71361000000002,13358299.0
2013-10-08,170.35867,184.49324,170.35867,184.49324,35172161.0
2013-10-09,186.64235,194.74286,184.49324,189.70071,25639689.0
2013-10-10,189.78337,196.644,183.50134,192.42844,18174439.0
2013-10-11,190.114,202.09944,190.114,200.03299,21448097.0
2013-10-14,197.88388,202.51274,194.41223,202.34743,11797169.0
2013-10-15,201.27286,202.09944,184.32793,195.56944,22297488.0
2013-10-16,191.76717,193.6683,182.92273,188.21286,13314401.0
2013-10-17,189.94868,202.51274,187.22096,190.03134,11968154.0
2013-10-18,190.114,192.59375,185.1545,190.03134,5982293.0
2013-10-21,189.94868,200.44627,189.78337,200.11565,14246397.0
2013-10-22,198.37982,204.99248,192.59375,197.80122,10789820.0
2013-10-23,197.0573,199.86768,184.74121,187.55159,12098662.0
2013-10-24,187.55159,188.04755,178.54183999999998,179.0378,7891762.0
2013-10-25,179.53374,184.24525,175.2355,178.78981000000002,8184877.0
2013-10-28,178.54183999999998,183.50134,176.47539,181.76552,5825795.0
2013-10-29,181.84818,183.1707,167.79626000000002,174.4916,9312041.0
2013-10-30,174.82222,178.78981000000002,169.44943,173.16905,10192245.0
2013-10-31,171.92918,173.16905,167.5483,171.76387,6507446.0
2013-11-01,171.35057,171.68121000000002,166.1431,168.95348,4263922.0
2013-11-04,169.1188,171.92918,168.1269,169.20146,5307342.0
2013-11-05,169.20146,170.52399,164.5726,169.53208999999998,6971595.0
2013-11-06,170.02805,177.30196999999998,170.02805,172.67311,11737884.0
2013-11-07,171.92918,171.92918,167.30032,167.38298,5338364.0
2013-11-08,166.96968,169.03615,159.77841,161.92754,9410100.0
2013-11-11,161.18361000000002,167.38298,160.93563999999998,164.98588999999998,5171612.0
2013-11-12,164.90323,166.5564,164.24196,165.1512,4581790.0
2013-11-13,164.5726,166.30843000000002,162.67146,162.75412,4147487.0
2013-11-14,165.23386000000002,165.23386000000002,162.34082,164.32461999999998,4026326.0
2013-11-15,164.82057,170.44133,164.82057,169.36678,9254129.0
2013-11-18,169.44943,178.37653,169.44943,177.79791,10440866.0
2013-11-19,177.71526,186.14641,174.6569,179.86438,9974244.0
2013-11-20,182.09615,182.5921,175.48349,178.29387,5034016.0
2013-11-21,176.88867,181.02159,173.25171,180.60829,12449044.0
2013-11-22,181.68286,181.68286,175.48349,175.56615,3993715.0
2013-11-25,173.58235,177.6326,171.51588,171.68121000000002,9058749.0
2013-11-26,171.76387,179.12045,171.76387,174.32626000000002,6179961.0
2013-11-27,174.40894,180.69096,172.75576999999998,177.71526,9876167.0
2013-11-28,177.88057,188.7088,177.88057,188.21286,17245083.0
2013-11-29,192.01514,206.1497,192.01514,202.67805,24639200.0
2013-12-02,190.114,202.51274,190.114,191.27121,10869461.0
2013-12-03,191.43652,198.0492,190.114,196.14806,5932520.0
2013-12-04,195.81741,209.70401,194.99083,207.30692,16568613.0
2013-12-05,206.39767,206.39767,196.72665,198.46248,10516153.0
2013-12-06,195.90007,197.22261,183.00539,186.89032,13023521.0
2013-12-09,186.89032,194.57755,186.89032,192.2631,8691091.0
2013-12-10,190.94058,194.74286,187.79956,192.75906,3668926.0
2013-12-11,192.0978,194.99083,187.30362,189.70071,4780746.0
2013-12-12,188.95679,201.02489,188.95679,200.85957,12022383.0
2013-12-13,197.0573,202.92603,194.90817,198.37982,6399701.0
2013-12-16,194.41223,201.52084,188.29552,191.5192,7931739.0
2013-12-17,189.28741,193.33768,187.1383,191.18855,3851108.0
2013-12-18,190.94058,201.02489,187.63425,196.80931,8071064.0
2013-12-19,199.86768,203.33932,193.255,193.42033,5863239.0
2013-12-20,195.15616,200.03299,189.94868,193.99893,8540435.0
2013-12-23,194.41223,196.39603,187.63425,191.18855,4067280.0
2013-12-24,193.255,196.72665,188.87413,192.2631,5949419.0
2013-12-25,192.75906,206.23236,192.75906,205.81906,16762554.0
2013-12-26,206.23236,208.79477,199.86768,202.01678,14886954.0
2013-12-27,201.68616,210.77856,200.77692,210.6959,14887465.0
2013-12-30,211.93578,211.93578,200.85957,206.64565,20411857.0
2013-12-31,203.66995,209.04274,202.67805,204.90982,7890656.0
2014-01-02,205.24046,225.40907,203.42198,220.6149,20287985.0
2014-01-03,220.69756,237.39452000000003,220.69756,230.94717000000003,28833413.0
2014-01-06,228.5501,242.1887,222.764,224.49983,26209025.0
2014-01-07,224.1692,229.7073,223.7559,226.153,13151619.0
2014-01-08,228.1368,234.74947000000003,227.31021,232.683,12731346.0
2014-01-09,231.85641,235.82402,220.69756,221.1935,13588281.0
2014-01-10,221.11084,225.32642,211.6878,213.34097000000003,13150324.0
2014-01-13,213.58894,225.49173,213.58894,220.28426,17609345.0
2014-01-14,220.28426,227.31021,216.56464,226.97958,14315631.0
2014-01-15,225.1611,238.71706,224.25186,232.43503,19396148.0
2014-01-16,232.35237,234.6668,217.39122000000003,220.28426,21824018.0
2014-01-17,217.47388,218.87907,210.03464,211.52249,20286717.0
2014-01-20,209.86932,217.39122000000003,204.24857,206.23236,17972291.0
2014-01-21,206.64565,215.15945,205.1578,214.49818,12726513.0
2014-01-22,214.0849,220.53224,210.94388,217.39122000000003,17999364.0
2014-01-23,217.39122000000003,221.11084,215.73805,217.96983,11788851.0
2014-01-24,217.39122000000003,224.58249,216.56464,219.2097,11049637.0
2014-01-27,216.97794,218.54845,206.64565,213.6716,11157924.0
2014-01-28,211.60515,215.6554,202.51274,204.08324,12999623.0
2014-01-29,204.99248,206.39767,200.44627,203.50464,12055657.0
2014-01-30,203.33932,205.57109,196.644,197.38792,10131788.0
2014-02-07,197.38792,217.14325,195.98273,216.6473,19299928.0
2014-02-10,217.80452,221.52414,215.90338,218.13515,21738519.0
2014-02-11,218.2178,219.04439,209.29071,212.6797,13771267.0
2014-02-12,212.43173,214.58084,204.16591,209.29071,19745979.0
2014-02-13,207.47223,213.09299,205.65375,207.96819,17309698.0
2014-02-14,206.23236,210.44794,203.83527,209.62135,13150535.0
2014-02-17,209.62135,211.43983,204.16591,208.21616,20570249.0
2014-02-18,208.46413,216.15135,207.72021,215.98604,22454770.0
2014-02-19,216.39932,217.2259,207.05894,209.1254,18281701.0
2014-02-20,209.37337,209.95198,198.46248,199.37172,22356861.0
2014-02-21,197.55324,201.27286,191.1059,196.97464,22718451.0
2014-02-24,195.07349,200.6116,191.35387,198.46248,13052796.0
2014-02-25,198.79312,200.1983,181.84818,182.5921,25006503.0
2014-02-26,181.84818,185.48514,176.88867,181.43488,17431672.0
2014-02-27,183.1707,190.94058,182.34412,183.584,20625936.0
2014-02-28,185.5678,187.46893,179.36842,186.89032,11732389.0
2014-03-03,185.98108,195.90007,185.65045,192.75906,18740382.0
2014-03-04,196.72665,196.72665,189.28741,192.2631,11987188.0
2014-03-05,193.33768,194.16425,185.5678,186.97298,11044494.0
2014-03-06,183.91463,186.39438,183.08804,183.41869,7651406.0
2014-03-07,184.07994,190.69261,183.66666,189.37007,11986721.0
2014-03-10,187.38628,187.38628,180.195,183.66666,9002281.0
2014-03-11,182.01349,193.17235,182.01349,190.44463,18550720.0
2014-03-12,190.114,196.39603,188.87413,195.07349,18096906.0
2014-03-13,198.37982,203.33932,196.31337,199.2064,19490721.0
2014-03-14,199.12375,201.52084,195.32147,199.86768,12928321.0
2014-03-17,200.52895,202.51274,197.38792,199.2064,13497135.0
2014-03-18,200.03299,202.43008,192.34576,195.98273,25491960.0
2014-03-19,198.46248,199.37172,191.02324,194.99083,15438478.0
2014-03-20,194.41223,196.47868,182.67476,184.90652,16393347.0
2014-03-21,185.5678,190.85793,185.40248,189.61804,16015813.0
2014-03-24,189.28741,189.37007,183.74931,187.38628,12961404.0
2014-03-25,185.98108,189.94868,185.98108,188.54349,7814738.0
2014-03-26,189.1221,198.87578,186.06374,196.23071,20299057.0
2014-03-27,195.98273,195.98273,188.54349,190.114,10359340.0
2014-03-28,189.28741,191.60185,184.32793,186.64235,8605934.0
2014-03-31,187.55159,192.92438,185.73311,188.04755,12112605.0
2014-04-01,187.55159,192.92438,185.73311,188.04755,12112605.0
2014-04-02,187.55159,192.92438,185.73311,188.04755,12112605.0
2014-04-03,187.55159,192.92438,185.73311,188.04755,12112605.0
2014-04-04,194.24692,201.76881,193.42033,197.38792,25637829.0
2014-04-08,196.31337,199.04109,192.75906,198.54514,16092251.0
2014-04-09,197.96654,205.7364,196.72665,205.32312,24691409.0
2014-04-10,206.89363,224.25186,206.81097,221.02818,45618597.0
2014-04-11,221.11084,223.7559,214.25021,221.27617,23859724.0
2014-04-14,222.5987,231.44313,216.31667,218.79642,22289554.0
2014-04-15,219.95363,220.69756,208.38147,211.35718,25711296.0
2014-04-16,210.77856,215.73805,207.05894,213.01033,18107430.0
2014-04-17,214.74615,215.73805,210.1173,211.6878,10096464.0
2014-04-18,210.94388,216.72997,207.96819,216.0687,15364685.0
2014-04-21,213.42363,219.04439,211.6878,212.6797,12334799.0
2014-04-22,209.5387,212.43173,192.59375,195.15616,38320436.0
2014-04-23,192.5111,199.12375,191.68451,195.98273,10851137.0
2014-04-24,195.07349,195.90007,192.75906,193.75096,8255200.0
2014-04-25,192.75906,195.48679,187.7169,188.46083,11865650.0
2014-04-28,187.46893,193.08969,185.1545,189.78337,13112210.0
2014-04-29,189.86603,197.38792,189.86603,196.56134,11725466.0
2014-04-30,195.07349,199.2064,194.74286,198.21451,8663498.0
2014-05-05,198.21451,199.04109,193.50299,196.97464,8052345.0
2014-05-06,195.98273,201.93413,195.98273,198.87578,9268085.0
2014-05-07,198.37982,198.79312,190.94058,191.76717,8743312.0
2014-05-08,191.68451,194.24692,189.20476,190.69261,6761710.0
2014-05-09,191.27121,191.76717,185.98108,188.29552,6662856.0
2014-05-12,190.114,194.74286,188.95679,193.50299,8011083.0
2014-05-13,193.6683,194.82552,189.53539,191.1059,6654605.0
2014-05-14,189.86603,192.59375,189.53539,191.60185,4061422.0
2014-05-15,191.60185,197.38792,191.02324,192.01514,12169771.0
2014-05-16,191.02324,191.27121,183.50134,186.22906,14211435.0
2014-05-19,183.91463,185.31982,180.195,182.1788,10668612.0
2014-05-20,184.32793,187.22096,181.84818,183.00539,8085039.0
2014-05-21,181.93083,185.48514,177.71526,185.07184,7605857.0
2014-05-22,185.5678,189.78337,182.67476,183.99728,9615950.0
2014-05-23,184.1626,186.80766,183.83197,186.31172,6151115.0
2014-05-26,188.46083,191.5192,186.47704,191.1059,10649392.0
2014-05-27,191.02324,192.59375,188.46083,189.20476,6581787.0
2014-05-28,189.20476,191.18855,188.04755,191.1059,7363772.0
2014-05-29,192.01514,195.48679,190.19666,190.44463,10885795.0
2014-05-30,189.20476,190.94058,186.80766,188.54349,6681472.0
2014-06-03,188.95679,190.36197,185.07184,185.65045,7135981.0
2014-06-04,185.31982,185.89842,182.01349,184.49324,6351502.0
2014-06-05,184.32793,187.79956,183.66666,186.97298,7012217.0
2014-06-06,186.97298,190.85793,186.97298,188.21286,8023274.0
2014-06-09,189.37007,190.44463,186.06374,186.725,4814639.0
2014-06-10,187.22096,190.52728,184.32793,189.78337,9983244.0
2014-06-11,189.03944,192.92438,188.37817,191.60185,8552938.0
2014-06-12,191.60185,192.42844,189.94868,191.93248,6433623.0
2014-06-13,190.69261,196.89197,190.69261,196.14806,13775101.0
2014-06-16,196.39603,197.30527,192.92438,195.48679,9884753.0
2014-06-17,195.40413,195.90007,191.35387,191.68451,7559816.0
2014-06-18,191.60185,194.99083,191.5192,193.17235,7052378.0
2014-06-19,193.255,194.16425,186.97298,187.96489,6942739.0
2014-06-20,187.55159,191.18855,187.38628,189.1221,6199023.0
2014-06-23,189.20476,190.94058,184.41058,187.1383,8183364.0
2014-06-24,186.06374,188.04755,184.82387,187.05565,6883613.0
2014-06-25,189.1221,189.53539,186.06374,187.63425,6264380.0
2014-06-26,187.38628,190.03134,187.38628,189.28741,6919892.0
2014-06-27,188.87413,190.52728,188.1302,189.94868,8062492.0
2014-06-30,190.52728,193.83362,188.7088,193.6683,13134316.0
2014-07-01,192.2631,193.33768,187.7169,189.94868,18642987.0
2014-07-02,188.87413,189.28741,186.14641,188.95679,11825045.0
2014-07-03,189.1221,190.52728,187.7169,190.36197,11983961.0
2014-07-04,191.61272,196.8658,191.36256,194.36433,16377041.0
2014-07-07,192.6133,192.6133,174.97791999999998,177.97968999999998,69824478.0
2014-07-08,176.4788,180.60623,175.22807,178.60506,31374652.0
2014-07-09,181.10654,181.35667,173.85226,176.4788,30323155.0
2014-07-10,175.72836,176.10359,167.9738,169.47468999999998,36012985.0
2014-07-11,169.47468999999998,172.97675,167.0983,170.8505,29097042.0
2014-07-14,172.35138,174.85284,171.10065,174.35255,20664195.0
2014-07-15,174.85284,176.10359,171.22572,173.85226,15817310.0
2014-07-16,173.85226,173.85226,169.22453000000002,170.97557,13967815.0
2014-07-17,170.72542,170.8505,167.59859,169.22453000000002,14369689.0
2014-07-18,168.84932,170.97557,168.09888,169.09947,11354963.0
2014-07-21,169.34961,171.22572,167.34843,169.22453000000002,10292514.0
2014-07-22,169.34961,170.60036000000002,167.34843,169.97498000000002,18762397.0
2014-07-23,169.84991000000002,169.84991000000002,161.97028,163.47116,34784958.0
2014-07-24,163.7213,165.0971,157.46761999999998,160.96968,32023318.0
2014-07-25,160.8446,161.34491,155.46645,157.21748,46342952.0
2014-07-28,156.71718,161.8452,156.71718,161.8452,50132121.0
2014-07-29,161.8452,167.84872,160.34431,165.47234,46608552.0
2014-07-30,165.84755,168.84932,164.59682,166.22278,39108900.0
2014-07-31,167.59859,174.47763,166.59798999999998,174.10242,60416961.0
2014-08-01,173.35197,177.60448,171.85109,172.2263,49849520.0
2014-08-04,172.35138,174.10242,170.22513,173.2269,27776109.0
2014-08-05,173.2269,178.22984,173.2269,177.10416999999998,39501306.0
2014-08-06,173.2269,178.22984,173.2269,177.10416999999998,39501306.0
2014-08-07,173.2269,178.22984,173.2269,177.10416999999998,39501306.0
2014-08-08,173.2269,178.22984,173.2269,177.10416999999998,39501306.0
2014-08-11,173.2269,178.22984,173.2269,177.10416999999998,39501306.0
2014-08-12,173.2269,178.22984,173.2269,177.10416999999998,39501306.0
2014-08-13,194.61447,194.61447,182.2322,184.73366,79818799.0
2014-08-14,184.85873,188.48587,180.60623,181.60683,43295520.0
2014-08-15,181.7319,183.10771,178.47998,182.85756,32226571.0
2014-08-18,181.7319,187.61035,181.7319,187.48528,40953909.0
2014-08-19,187.61035,187.61035,183.73308,184.6086,39068556.0
2014-08-20,184.48352,184.48352,180.10594,180.98146,32745861.0
2014-08-21,180.10594,188.86108,177.72954,186.10947,63207628.0
2014-08-22,183.35785,186.85991,182.35727,184.48352,35157642.0
2014-08-25,184.85873,185.60918,182.6074,183.48293,19968650.0
2014-08-26,183.608,186.10947,179.3555,180.73131,28969056.0
2014-08-27,179.98086999999998,182.10712,178.85521,179.85578999999998,16749379.0
2014-08-28,180.10594,181.2316,177.72954,179.48058,16612401.0
2014-08-29,180.10594,183.85815,178.60506,182.6074,26156135.0
2014-09-01,182.73248,184.48352,181.98204,183.608,23451435.0
2014-09-02,184.35844,187.36021,182.35727,185.85933,44161600.0
2014-09-03,186.10947,188.48587,184.98381,187.61035,43703608.0
2014-09-04,188.48587,188.86108,186.35962,187.23514,31634394.0
2014-09-05,187.61035,188.86108,186.73483,188.11066,34743142.0
2014-09-09,188.3608,188.86108,185.35902,186.23454,34369761.0
2014-09-10,185.23396,188.11066,183.35785,186.60977,33741691.0
2014-09-11,185.85933,188.23572,184.23337,184.85873,33737930.0
2014-09-12,185.10889,185.9844,183.608,184.98381,19707386.0
2014-09-15,185.10889,188.23572,185.10889,186.98499,34103606.0
2014-09-16,187.11006,187.48528,178.98029,179.3555,37905571.0
2014-09-17,179.10535,180.85638,175.35315,176.72896,29323846.0
2014-09-18,177.10416999999998,182.35727,177.10416999999998,181.98204,26253762.0
2014-09-19,182.10712,185.4841,180.48116,184.48352,24345170.0
2014-09-22,183.98322,186.4847,182.85756,185.4841,37067909.0
2014-09-23,185.10889,186.85991,184.10829,185.85933,29460973.0
2014-09-24,185.35902,186.85991,184.10829,185.9844,30253159.0
2014-09-25,186.23454,186.98499,183.23277,184.73366,29246978.0
2014-09-26,184.23337,184.73366,182.73248,183.608,18522138.0
2014-09-29,185.10889,188.11066,184.48352,187.73543,47404869.0
2014-09-30,188.48587,194.36433,187.61035,193.11359,58947336.0
2014-10-08,199.2422,199.99265,192.73837,194.9897,64349359.0
2014-10-09,194.4894,194.61447,190.7372,192.23808,40617469.0
2014-10-10,191.36256,193.48882,189.86168,190.36197,28831846.0
2014-10-13,190.11183,190.36197,186.23454,187.48528,23387124.0
2014-10-14,187.61035,189.36139,184.73366,185.60918,26590759.0
2014-10-15,185.4841,186.98499,183.23277,186.85991,30648977.0
2014-10-16,186.23454,186.23454,180.98146,181.35667,34549629.0
2014-10-17,181.35667,183.10771,178.85521,181.98204,21676472.0
2014-10-20,182.98264,186.23454,181.7319,185.23396,24026905.0
2014-10-21,185.23396,186.98499,183.35785,183.48293,24645461.0
2014-10-22,184.23337,184.73366,179.98086999999998,180.48116,17117665.0
2014-10-23,180.48116,186.10947,179.60565,182.2322,26857270.0
2014-10-24,182.85756,188.98616,182.10712,187.61035,41606825.0
2014-10-27,187.61035,189.23631,183.35785,184.73366,29865250.0
2014-10-28,185.10889,190.48705,184.98381,189.48647,47079901.0
2014-10-29,189.48647,192.113,188.86108,191.36256,60638614.0
2014-10-30,191.61272,193.61389,188.23572,189.36139,47590646.0
2014-10-31,189.36139,189.36139,184.73366,187.48528,36731697.0
2014-11-03,187.61035,188.73602,186.10947,188.61095,29520753.0
2014-11-04,188.61095,188.61095,184.10829,186.10947,27224169.0
2014-11-05,185.60918,185.73425,183.35785,183.608,21876098.0
2014-11-06,183.608,186.73483,183.48293,186.4847,23862326.0
2014-11-07,186.85991,187.23514,182.35727,182.6074,30761621.0
2014-11-10,182.73248,184.48352,181.85696,184.10829,17332762.0
2014-11-11,184.6086,184.85873,176.4788,177.85461,39443433.0
2014-11-12,178.22984,181.60683,178.22984,180.10594,16187916.0
2014-11-13,180.3561,180.3561,176.85403,177.72954,19288335.0
2014-11-14,176.9791,179.3555,176.72896,178.22984,11770873.0
2014-11-17,178.22984,181.2316,178.22984,179.85578999999998,12617172.0
2014-11-18,180.10594,180.3561,175.60329,178.85521,20108319.0
2014-11-19,177.85461,179.23042,176.35373,177.35432,16672135.0
2014-11-20,176.9791,177.4794,172.97675,173.35197,27616180.0
2014-11-21,173.35197,174.35255,172.7266,173.72718999999998,20564763.0
2014-11-24,175.60329,175.97852,172.7266,174.10242,33118487.0
2014-11-25,174.10242,180.73131,173.72718999999998,180.23102,43235241.0
2014-11-26,180.10594,180.3561,177.22925,178.3549,28436790.0
2014-11-27,178.47998,179.73071000000002,177.10416999999998,178.22984,27407723.0
2014-11-28,178.3549,178.73013,175.47823,176.60388,27982561.0
2014-12-01,177.85461,178.3549,172.7266,173.2269,47020798.0
2014-12-02,173.47704,175.47823,172.85166999999998,175.10299999999998,40046432.0
2014-12-03,175.10299999999998,179.48058,173.60211,179.3555,46729899.0
2014-12-04,179.3555,183.10771,178.85521,182.35727,62400843.0
2014-12-05,182.6074,183.48293,173.60211,176.72896,44925554.0
2014-12-08,176.22865,176.85403,173.85226,176.4788,45207171.0
2014-12-09,175.10299999999998,189.11124,173.35197,180.48116,94039476.0
2014-12-10,181.10654,188.61095,180.98146,187.61035,83122996.0
2014-12-11,188.23572,188.3608,182.85756,184.6086,55838311.0
2014-12-12,186.10947,187.73543,183.85815,186.23454,42042334.0
2014-12-15,186.23454,192.36314,186.23454,190.61212,62019739.0
2014-12-16,190.7372,191.36256,186.4847,186.85991,45858226.0
2014-12-17,188.48587,188.61095,179.73071000000002,181.60683,64167354.0
2014-12-18,180.85638,187.11006,180.10594,185.85933,48412746.0
2014-12-19,184.6086,184.85873,180.10594,181.48175,35014449.0
2014-12-22,181.98204,182.6074,173.97734,176.4788,39863359.0
2014-12-23,176.22865,179.60565,174.47763,175.22807,24313413.0
2014-12-24,175.85343999999998,178.10477,174.85284,176.60388,31820023.0
2014-12-25,177.60448,177.60448,175.72836,177.10416999999998,26008052.0
2014-12-26,177.10416999999998,177.10416999999998,175.10299999999998,176.35373,32506744.0
2014-12-29,177.10416999999998,183.23277,175.35315,179.98086999999998,55879209.0
2014-12-30,180.23102,182.10712,175.85343999999998,176.4788,31421961.0
2014-12-31,177.10416999999998,179.60565,175.22807,177.85461,25424161.0
2015-01-05,177.85461,185.73425,175.35315,183.23277,55457093.0
2015-01-06,180.98146,194.11418,180.3561,193.23866,115334758.0
2015-01-07,192.23808,196.36551,186.85991,189.7366,73645666.0
2015-01-08,189.61153,193.36374,187.73543,190.2369,46418405.0
2015-01-09,190.2369,199.49234,189.98676,194.11418,107225232.0
2015-01-12,195.11478,212.62508,193.48882,210.49883,132216628.0
2015-01-13,210.37375,226.63332000000003,207.7472,218.37845,150172900.0
2015-01-14,217.628,222.75603,214.25102,218.50352,67511805.0
2015-01-15,218.75368,221.005,212.24985,215.87698,79547426.0
2015-01-16,216.37727,222.50587,214.00089,218.25337,80984120.0
2015-01-19,215.87698,221.13007,198.7419,203.995,90290602.0
2015-01-20,206.49646,214.62625,206.49646,213.00029,73325757.0
2015-01-21,212.62508,215.7519,210.1236,215.62683,81583513.0
2015-01-22,215.87698,225.38257,212.75014,224.7572,86907704.0
2015-01-23,222.63095,227.00853,216.50235,216.87756,86422645.0
2015-01-26,215.3767,220.12949,207.7472,219.6292,73706653.0
2015-01-27,219.75426,220.12949,212.75014,215.87698,61451089.0
2015-01-28,217.628,217.628,209.24808,214.00089,60044621.0
2015-01-29,212.62508,216.87756,210.24867000000003,211.74956,63752446.0
2015-01-30,211.62448,214.00089,209.6233,212.62508,45245512.0
2015-02-02,211.9997,221.75543,210.24867000000003,217.50294,79058251.0
2015-02-03,217.628,220.37962,213.3755,214.87639,96310793.0
2015-02-04,214.3761,215.7519,205.74602,205.99617,69222100.0
2015-02-05,207.62213,216.37727,202.36903,210.62389,72460472.0
2015-02-06,208.74779,212.62508,206.24632,211.24925,55358779.0
2015-02-09,212.37492000000003,213.87581,209.87344,211.9997,41835255.0
2015-02-10,209.37315,211.87463,206.99677,208.74779,97021227.0
2015-02-11,206.74661,211.37433,206.37138,209.12302,66079773.0
2015-02-12,208.87286,215.50175,208.87286,212.5,57089418.0
2015-02-13,213.50058,216.12714,211.4994,212.37492000000003,49307296.0
2015-02-16,212.37492000000003,216.62743,210.74896,214.62625,38144530.0
2015-02-17,215.12654,218.6286,214.12595,214.50117000000003,31069871.0
2015-02-25,215.00146,222.8811,215.00146,220.62978,52682197.0
2015-02-26,220.25456,220.75485,217.12772,219.6292,29723763.0
2015-02-27,218.87875,220.75485,214.50117000000003,215.62683,43011655.0
2015-03-02,217.628,235.01324,214.50117000000003,232.13655,100639925.0
2015-03-03,232.13655,235.63861,226.63332000000003,227.38374,98169194.0
2015-03-04,226.50824,229.88522000000003,225.13243,228.38434,39457636.0
2015-03-05,227.6339,232.38669,226.75838,231.01088,42926468.0
2015-03-06,230.13538,236.01382,221.38022,222.00558,67043731.0
2015-03-09,221.63037000000003,228.25926,217.628,225.50764,34530016.0
2015-03-10,225.25749,234.51294,224.00676,232.01147000000003,52252839.0
2015-03-11,231.13596,237.38963,229.88522000000003,232.63684,50920473.0
2015-03-12,234.88817000000003,234.88817000000003,225.38257,226.75838,37521663.0
2015-03-13,226.63332000000003,228.38434,223.3814,226.00793,26779530.0
2015-03-16,226.50824,232.01147000000003,226.50824,229.88522000000003,42407336.0
2015-03-17,231.51118,239.76604,229.0097,235.01324,75107675.0
2015-03-18,234.01265,245.39435,233.01205,243.76839,79561803.0
2015-03-19,243.76839,243.76839,236.88934,239.26573,55582479.0
2015-03-20,239.64096,242.64273,236.76427,240.51648,44564094.0
2015-03-23,241.89229,248.27104,240.64156,244.01854,51962014.0
2015-03-24,248.64626,249.89699,231.38611,237.76486,87369691.0
2015-03-25,239.0156,240.14125,231.76132,233.88757,72469138.0
2015-03-26,233.88757,240.01617,231.76132,233.63744,57941581.0
2015-03-27,234.01265,238.89052,232.63684,236.76427,42510978.0
2015-03-30,236.76427,248.77133,236.76427,243.14302,69247020.0
2015-03-31,243.89346,267.4073,240.26633,265.9064,152950357.0
2015-04-01,268.90817000000004,275.9123,262.27927,271.40964,168338774.0
2015-04-02,271.40964,282.4161,267.9076,274.5365,99220688.0
2015-04-03,273.91113,277.41317999999995,267.65744,273.0356,64143865.0
2015-04-07,272.1601,279.41437,270.90936,274.0362,103496356.0
2015-04-08,278.91406,289.1701,274.0362,280.79016,112456299.0
2015-04-09,281.16537,282.9164,263.90524,271.40964,73817961.0
2015-04-10,269.7837,277.41317999999995,267.7825,274.9117,50379520.0
2015-04-13,277.53824,282.5412,272.41025,273.5359,68456373.0
2015-04-14,273.91113,293.92288,262.6545,287.41907000000003,114394900.0
2015-04-15,284.16714,293.54767000000004,272.78546,273.16068,90322513.0
2015-04-16,268.90817000000004,278.91406,265.78134,273.66098,50827634.0
2015-04-17,276.03738,279.53943,272.91052,276.7878,84332972.0
2015-04-20,273.78604,279.41437,268.90817000000004,275.53708,86618468.0
2015-04-21,275.53708,288.41965,275.53708,286.54355,87702034.0
2015-04-22,293.17245,295.79898,285.66803,287.54413,83054116.0
2015-04-23,288.41965,299.5512,283.54178,298.6757,97365632.0
2015-04-24,294.9235,307.1807,289.92053,294.04797,87109007.0
2015-04-27,297.6751,299.92642,287.41907000000003,288.91995,62990581.0
2015-04-28,287.04385,288.54474,271.28458,271.6598,75760003.0
2015-04-29,271.40964,279.53943,269.03326,276.03738,38338512.0
2015-04-30,276.66275,281.0403,271.6598,276.4126,43011698.0
2015-05-04,276.53766,300.05148,270.53412000000003,293.04736,90086524.0
2015-05-05,291.42142,297.04974,280.54,284.29224,83184140.0
2015-05-06,284.54236000000003,302.05267000000003,283.29163,297.1748,125783903.0
2015-05-07,295.1736,299.5512,274.16125,277.03796,120839868.0
2015-05-08,279.28928,292.67215,271.6598,291.92172,87613189.0
2015-05-11,293.29752,302.8031,287.66922,301.17715,133691420.0
2015-05-12,303.67862,306.6804,295.2987,301.9276,106403187.0
2015-05-13,300.17657,301.4273,291.67157000000003,293.54767000000004,71151185.0
2015-05-14,292.5471,304.92935,290.42084,303.92877000000004,89824670.0
2015-05-15,304.8043,305.92996,290.5459,293.67273,64607601.0
2015-05-18,290.04562000000004,298.05032,288.79486,289.29517000000004,54116128.0
2015-05-19,289.29517000000004,296.92465,287.79428,294.9235,52424895.0
2015-05-20,295.79898,315.06033,295.79898,304.8043,99502081.0
2015-05-21,304.8043,328.3181,304.55414,324.0656,120987626.0
2015-05-22,328.94348,329.4438,313.6845,322.31458,86430423.0
2015-05-25,320.81372000000005,349.7057,317.4367,342.95172,103882679.0
2015-05-26,348.7051,377.2219,342.95172,377.2219,122160301.0
2015-05-27,378.97293,399.73514,373.8449,376.2213,126885932.0
2015-05-28,378.97293,399.73514,373.8449,376.2213,126885932.0
2015-05-29,378.97293,399.73514,373.8449,376.2213,126885932.0
2015-06-01,378.97293,399.73514,373.8449,376.2213,126885932.0
2015-06-02,378.97293,399.73514,373.8449,376.2213,126885932.0
2015-06-03,378.97293,399.73514,373.8449,376.2213,126885932.0
2015-06-04,378.97293,399.73514,373.8449,376.2213,126885932.0
2015-06-05,378.97293,399.73514,373.8449,376.2213,126885932.0
2015-06-08,378.97293,399.73514,373.8449,376.2213,126885932.0
2015-06-09,378.97293,399.73514,373.8449,376.2213,126885932.0
2015-06-10,378.97293,399.73514,373.8449,376.2213,126885932.0
2015-06-11,378.97293,399.73514,373.8449,376.2213,126885932.0
2015-06-12,378.97293,399.73514,373.8449,376.2213,126885932.0
2015-06-15,378.97293,399.73514,373.8449,376.2213,126885932.0
2015-06-16,400.2354,413.86844,338.57416,413.86844,191429642.0
2015-06-17,406.4891,430.25308,392.73102,412.1174,119860720.0
2015-06-18,401.8614,411.7422,370.9682,370.9682,95987562.0
2015-06-19,360.08682000000005,404.36285,352.4573,378.22247,97423378.0
2015-06-23,397.10858,415.24426,375.2207,414.4938,105537644.0
2015-06-24,421.74808,449.1392,416.495,423.87433,108335097.0
2015-06-25,415.24426,418.8714,381.4744,385.10153,87152040.0
2015-06-26,366.34372,376.415,346.57877,346.57877,62475484.0
2015-06-29,364.833,364.9589,311.95868,358.16077,133514189.0
2015-06-30,356.2724,394.0398,333.61197000000004,394.0398,121732799.0
2015-07-01,404.36288,422.23944000000006,365.0848,376.16324,115831787.0
2015-07-02,387.74524,391.52197,340.2842,348.71893,89078645.0
2015-07-03,324.7996,368.60974,313.84705,324.17014,90560134.0
2015-07-06,356.6501,356.6501,300.88022,330.71646,118305769.0
2015-07-07,309.06317,327.3174,297.60706,297.60706,96600533.0
2015-07-08,309.06317,327.3174,297.60706,297.60706,96600533.0
2015-07-09,309.06317,327.3174,297.60706,297.60706,96600533.0
2015-07-10,309.06317,327.3174,297.60706,297.60706,96600533.0
2015-07-13,327.3174,327.3174,327.3174,327.3174,6227875.0
2015-07-14,360.04913,360.04913,360.04913,360.04913,7984053.0
2015-07-15,360.04913,360.04913,324.04422,324.04422,93245937.0
2015-07-16,324.04422,346.2011,297.85882999999995,329.45755,66946486.0
2015-07-17,333.61197000000004,359.41968,330.087,350.7332,66112150.0
2015-07-20,352.49567,385.85687,346.2011,385.85687,90616677.0
2015-07-21,383.21313,404.237,372.63828,379.6882,86558550.0
2015-07-22,376.415,401.3415,372.76416,390.13718,69636327.0
2015-07-23,392.78088,397.3130000000001,380.44354,392.4032,66519035.0
2015-07-24,391.52197,396.43173,373.8972,376.415,79199181.0
2015-07-27,365.0848,373.26773,338.77353,338.77353,66161717.0
2015-07-28,312.21045,343.6833,308.43372,338.26996,81498084.0
2015-07-29,343.6833,352.11798,326.43616000000003,351.23676,59611632.0
2015-07-30,349.85196,351.11087000000003,324.5478,329.0799,46642484.0
2015-07-31,322.40765,338.39584,321.27463,333.98965,44498433.0
2015-08-03,327.3174,347.08234,327.19153,344.43863,72619371.0
2015-08-04,344.9422,356.90186,333.61197000000004,354.76172,60189511.0
2015-08-05,351.23676,356.6501,338.14407,340.4101,36272705.0
2015-08-06,333.73785,345.9493,332.35306,334.745,24922385.0
2015-08-07,339.90652,346.07523,333.48608,338.6476,34857425.0
2015-08-10,342.17258,359.67148,338.52173,356.1465,54443405.0
2015-08-11,356.90186,368.86154,353.75458,357.5313,56285375.0
2015-08-12,352.49567,357.27954,342.17258,343.05383,37887375.0
2015-08-13,342.42438,347.08234,333.48608,344.9422,32749878.0
2015-08-14,347.33414,368.86154,340.91367,363.07053,70717385.0
2015-08-17,360.04913,371.25348,357.27954,362.44107,45930971.0
2015-08-18,362.69287,365.0848,326.1844,326.1844,59783289.0
2015-08-19,321.02283,337.13693,300.88022,335.12268,49844441.0
2015-08-20,329.83524,334.745,314.4765,318.12735,35591514.0
2015-08-21,312.08456,318.505,295.84457000000003,296.22226,40387274.0
2015-08-24,276.96088,282.7519,266.6378,266.6378,68929153.0
2015-08-25,242.34077,269.1556,239.94884,239.94884,82229306.0
2015-08-26,245.86572,260.595,239.44527,245.11038,61731176.0
2015-08-27,252.1603,259.2102,244.22914,258.95844,43113966.0
2015-08-28,264.62354,279.4787,261.8539,275.70197,49659419.0
2015-08-31,275.4502,275.70197,260.8468,273.4359,32788944.0
2015-09-01,267.51904,270.54044,248.13177,268.77795,46190032.0
2015-09-02,252.03441,275.4502,251.78262,269.5333,44954568.0
2015-09-07,269.5333,284.89203,255.43347000000003,258.20306,27819846.0
2015-09-08,261.8539,270.03687,249.64247000000003,269.4074,24632916.0
2015-09-09,273.18414,283.25546,270.16275,277.46445,32169039.0
2015-09-10,272.93237,279.6046,270.16275,272.80646,16502934.0
2015-09-11,272.93237,275.82785,266.00833,268.1485,13200301.0
2015-09-14,270.66632000000004,271.54755,251.78262,263.4905,39064729.0
2015-09-15,256.4406,261.35037,243.22202,247.50232000000003,16692879.0
2015-09-16,248.88712,271.04398,238.94171,266.00833,27292646.0
2015-09-17,263.11282,267.39313,251.78262,251.90851,31659567.0
2015-09-18,252.41208,257.69952,248.63533,251.78262,18130132.0
2015-09-21,247.6282,263.7423,245.73984,261.09857,18858619.0
2015-09-22,262.60928,270.03687,260.46912000000003,263.11282,20184157.0
2015-09-23,258.07718,269.1556,256.94415,259.83966000000004,17975416.0
2015-09-24,260.09146,265.88245,259.96555,262.86105,17958400.0
2015-09-25,260.595,262.2316,251.53084,255.55936,15888109.0
2015-09-28,255.68526,258.07718,249.39069,254.67812,9006965.0
2015-09-29,251.78262,256.81827000000004,248.00587,248.50945,13034476.0
2015-09-30,249.51657000000003,251.53084,247.87999,248.38356,8123375.0
2015-10-08,260.09146,268.1485,255.68526,263.36462,21010316.0
2015-10-09,263.11282,289.6759,261.22446,286.40274,39677831.0
2015-10-12,285.7733,301.13202,284.0108,290.30536,55602989.0
2015-10-13,288.66876,293.57852,285.89917,292.5714,19005382.0
2015-10-14,290.80893,294.96335,284.89203,285.7733,17121445.0
2015-10-15,283.38135,295.7187,282.62598,293.70444,20430071.0
2015-10-16,296.8517,307.93015,296.8517,300.50256,24716181.0
2015-10-19,302.13913,314.4765,300.62845,302.39093,31268275.0
2015-10-20,303.64984,318.37912,301.00613,312.8399,25532307.0
2015-10-21,311.70688,319.76392000000004,286.52863,296.09637000000004,35492465.0
2015-10-22,295.21512,304.65698,289.55002,303.39807,19365532.0
2015-10-23,309.69263,310.82565,298.48828,305.5382,19723192.0
2015-10-26,310.07028,315.7354,303.52396,311.83276,18539431.0
2015-10-27,308.81137,315.35773,303.39807,312.9658,18712987.0
2015-10-28,313.97293,322.28177,305.03464,306.923,23407650.0
2015-10-29,309.8185,312.21045,297.85882999999995,301.00613,15170229.0
2015-10-30,299.49542,299.49542,289.55002,293.83032000000003,17326804.0
2015-11-02,288.2911,291.69016,283.25546,286.02505,21145372.0
2015-11-03,287.15808,289.17233,280.10815,288.0393,13724097.0
2015-11-04,288.54288,300.75433,288.54288,300.12488,19132985.0
2015-11-05,300.12488,308.43372,291.4384,296.09637000000004,31124203.0
2015-11-06,309.69263,325.68082000000004,309.69263,313.34348,47162987.0
2015-11-09,311.581,313.2176,302.8945,311.95868,32753551.0
2015-11-10,310.1962,321.02283,308.43372,314.6024,34058635.0
2015-11-11,314.85416000000004,318.505,305.41232,311.83276,38463333.0
2015-11-12,315.98718,315.98718,303.39807,305.41232,31462853.0
2015-11-13,302.13913,302.26505,290.55713,295.7187,31176444.0
2015-11-16,299.6213,311.95868,299.6213,310.69977,41360593.0
2015-11-17,313.46936,314.09882000000005,300.37668,301.00613,43741378.0
2015-11-18,300.62845,305.5382,297.1035,299.8731,18337582.0
2015-11-19,300.62845,329.33167000000003,300.62845,324.4219,64858372.0
2015-11-20,326.0585,330.59058,316.11307,322.65942,54018406.0
2015-11-23,322.40765,329.33167000000003,315.10596,317.74966,30775657.0
2015-11-24,318.505,331.22003,317.37198,331.09415,41779098.0
2015-11-25,334.99677,337.01105,326.1844,329.20578,31875686.0
2015-11-26,327.56918,339.40298,322.02997,322.65942,36105382.0
2015-11-27,318.505,329.0799,299.24365,306.67123,31527919.0
2015-11-30,307.1748,317.87555,297.1035,317.4979,29513252.0
2015-12-01,317.74966,318.37912,310.95154,313.72113,17840592.0
2015-12-02,313.84705,313.84705,298.3624,310.69977,20088110.0
2015-12-03,309.44083,315.7354,305.9159,312.08456,21419017.0
2015-12-04,312.21045,320.64517,310.69977,315.35773,29208076.0
2015-12-07,316.99432,317.2461,310.32208,313.46936,18229164.0
2015-12-08,310.69977,310.69977,301.50967,303.27216,22781235.0
2015-12-09,302.6427,307.67838,297.22937,304.40518,20808830.0
2015-12-10,310.95154,315.98718,303.39807,310.32208,26899415.0
2015-12-11,308.43372,308.43372,299.6213,301.00613,17553104.0
2015-12-14,298.99185,305.9159,297.1035,305.03464,11119677.0
2015-12-15,306.923,308.18192,301.50967,303.52396,13982251.0
2015-12-16,306.54535,333.86374,306.16766,327.82098,65085768.0
2015-12-17,328.7022,337.5146,323.66656,332.22717,44527851.0
2015-12-18,333.61197000000004,335.24857000000003,322.28177,325.8067,29459642.0
2015-12-21,327.3174,335.62622000000005,322.40765,330.4647,33068093.0
2015-12-22,330.3388,330.3388,321.02283,325.9326,26973227.0
2015-12-23,326.1844,326.68796000000003,318.37912,319.63803,19149227.0
2015-12-24,320.01572000000004,321.5264,306.79712,312.46222,32948715.0
2015-12-25,312.58813,317.87555,309.18906,313.09167,25634438.0
2015-12-28,314.85416000000004,316.61664,302.13913,302.76862,26520119.0
2015-12-29,302.26505,306.923,302.13913,304.53107,15604467.0
2015-12-30,307.80426,310.1962,305.6641,309.18906,18915547.0
2015-12-31,312.21045,313.34348,303.14627,305.6641,13289934.0
2016-01-04,304.65698,310.32208,278.2198,278.72336,17695251.0
2016-01-05,271.67346000000003,287.0322,268.27438,278.72336,27851681.0
2016-01-06,282.5001,284.51437000000004,276.96088,284.26257000000004,18243683.0
2016-01-07,279.3528,279.3528,256.1888,257.44772,5358195.0
2016-01-08,264.37177,269.5333,246.24341,258.83252000000005,23853095.0
2016-01-11,254.30045,258.58075,234.91318,235.41675,23670500.0
2016-01-12,239.0676,243.3479,234.15784,237.93457,18182398.0
2016-01-13,241.33365,243.59969,229.12218,232.64714,17104540.0
2016-01-14,225.34544,242.46666,222.82762,242.21487,21159149.0
2016-01-15,244.22914,252.78975,240.5783,243.22202,21764997.0
2016-01-18,237.30511,251.90851,237.30511,248.13177,14947215.0
2016-01-19,250.52371,256.5665,245.86572,255.68526,15811079.0
2016-01-20,255.30757000000003,255.30757000000003,247.6282,248.50945,13217929.0
2016-01-21,245.73984,251.15317,232.77303,234.91318,15734925.0
2016-01-22,238.94171,241.45953,230.3811,240.45241,15567160.0
2016-01-25,245.48805,246.74696,234.7873,237.43102,13588872.0
2016-01-26,235.03908,237.93457,215.27414,227.86327000000003,21263128.0
2016-01-27,224.08653,236.67566,213.0081,233.52838,20097782.0
2016-01-28,228.24095,239.82295,226.60435,233.52838,18757356.0
2016-01-29,233.78017000000003,243.4738,231.01056,240.83008,14388769.0
2016-02-01,240.95596,241.9631,232.39536,234.40962,10843972.0
2016-02-02,235.29086,241.9631,234.40962,238.68993,9293269.0
2016-02-03,236.67566,239.19348,234.15784,237.17923,7003762.0
2016-02-04,238.18636,242.08899,237.43102,238.81581,12981440.0
2016-02-05,238.94171,240.07472,234.40962,234.5355,6590374.0
2016-02-15,227.6115,242.34077,224.4642,239.57117,11858392.0
2016-02-16,241.08186,249.2648,240.20062,247.25053,14603093.0
2016-02-17,245.48805,248.00587,240.45241,246.3693,13850616.0
2016-02-18,248.00587,248.88712,242.59256,245.73984,14659689.0
2016-02-19,245.23627,245.23627,240.95596,242.46666,10957864.0
2016-02-22,245.48805,246.3693,240.45241,246.24341,21129232.0
2016-02-23,245.73984,249.64247000000003,239.19348,242.08899,21339646.0
2016-02-24,240.07472,242.59256,234.15784,238.31226,15781185.0
2016-02-25,238.31226,239.19348,216.65895,225.9749,25485643.0
2016-02-26,228.11505,229.62575,220.3098,228.7445,13703620.0
2016-02-29,228.24095,228.36684,214.14111,227.23381,18811621.0
2016-03-01,225.59723,228.99629,219.93211,227.23381,16054501.0
2016-03-02,227.23381,236.0462,225.34544,235.29086,23825820.0
2016-03-03,234.6614,236.29799,231.38823,232.77303,21468411.0
2016-03-04,232.52126,241.58542000000003,229.12218,239.82295,30722128.0
2016-03-07,238.94171,242.97023,236.80156,239.31938,16249282.0
2016-03-08,238.56403,238.56403,226.60435,236.92744,12648236.0
2016-03-09,231.64001,232.77303,226.60435,231.8918,14005053.0
2016-03-10,229.37396,231.7659,226.60435,226.85614,9535912.0
2016-03-11,226.60435,229.12218,224.33832,227.10793,11716715.0
2016-03-14,227.86327000000003,239.44527,227.86327000000003,233.65427000000005,19282839.0
2016-03-15,234.40962,235.41675,232.26947,234.28372,9154312.0
2016-03-16,236.67566,237.43102,233.2766,237.17923,18269862.0
2016-03-17,237.30511,243.3479,235.03908,241.20775,19026787.0
2016-03-18,240.95596,250.27193,239.94884,246.99875,27225768.0
2016-03-21,251.15317,254.30045,246.24341,253.79688,29735724.0
2016-03-22,251.78262,252.1603,247.12465,251.15317,22441821.0
2016-03-23,250.14603,253.92278,247.37642,251.65672,15174229.0
2016-03-24,249.89426,250.27193,245.99162,246.24341,14067791.0
2016-03-25,245.61395,250.02014,244.8586,249.76836,12565300.0
2016-03-28,250.6496,254.04866,243.72557,245.48805,13019426.0
2016-03-29,244.48093,246.74696,239.82295,242.97023,10254052.0
2016-03-30,244.48093,249.1389,243.22202,248.88712,13425917.0
2016-03-31,249.89426,249.89426,247.25053,247.50232000000003,10458403.0
2016-04-01,248.00587,248.50945,241.8372,246.24341,9919230.0
2016-04-05,246.24341,256.81827000000004,244.98448,255.0558,21422981.0
2016-04-06,253.67099,262.73517000000004,252.53796,259.08432,21822472.0
2016-04-07,258.83252000000005,260.09146,250.02014,250.39781,15976145.0
2016-04-08,250.14603,253.5451,247.37642,251.65672,16321692.0
2016-04-11,253.04153,255.55936,252.1603,252.78975,14171471.0
2016-04-12,252.78975,253.04153,247.12465,248.50945,11860652.0
2016-04-13,249.89426,253.79688,249.64247000000003,251.65672,15539514.0
2016-04-14,252.41208,253.29332,249.51657000000003,252.91565,10797547.0
2016-04-15,253.4192,253.5451,248.50945,249.39069,11655580.0
2016-04-18,249.2648,249.39069,242.46666,242.97023,11934234.0
2016-04-19,243.85147,245.48805,240.5783,243.72557,9515034.0
2016-04-20,247.50232000000003,248.76123,229.24808,240.5783,21450986.0
2016-04-21,238.94171,243.3479,236.1721,240.45241,12701718.0
2016-04-22,237.93457,245.36217,236.1721,244.60681,12254191.0
2016-04-25,244.73271,244.98448,239.44527,240.70418,7910072.0
2016-04-26,239.69705,242.46666,239.69705,242.34077,8452683.0
2016-04-27,242.34077,247.25053,241.8372,244.98448,9124840.0
2016-04-28,246.11751,251.65672,244.22914,244.98448,11660783.0
2016-04-29,244.98448,247.37642,242.34077,245.23627,7508216.0
2016-05-03,244.35503,250.77548,243.59969,248.63533,15466488.0
2016-05-04,248.00587,249.64247000000003,245.48805,246.11751,11761585.0
2016-05-05,245.86572,247.6282,244.35503,244.73271,10020718.0
2016-05-06,245.86572,247.37642,239.31938,240.20062,15941363.0
2016-05-09,238.56403,239.44527,233.52838,234.91318,10718975.0
2016-05-10,235.41675,236.29799,233.4025,233.65427000000005,4477805.0
2016-05-11,235.41675,238.68993,234.15784,234.6614,7512467.0
2016-05-12,234.28372,234.28372,229.12218,232.14357,6614387.0
2016-05-13,232.26947,236.1721,231.8918,234.6614,6272101.0
2016-05-16,230.50699,235.41675,230.50699,235.16496,7763624.0
2016-05-17,235.29086,235.92032000000003,232.52126,233.78017000000003,6591835.0
2016-05-18,232.14357,234.15784,229.87753,232.77303,7890169.0
2016-05-19,232.77303,234.6614,231.01056,231.7659,5684636.0
2016-05-20,231.01056,231.01056,226.98203,229.62575,9263214.0
2016-05-23,230.00342,241.20775,229.75165,238.56403,15320073.0
2016-05-24,242.34077,255.68526,242.34077,247.7541,39472825.0
2016-05-25,246.74696,252.41208,244.35503,245.86572,11768142.0
2016-05-26,243.3479,248.00587,236.1721,241.08186,15113991.0
2016-05-27,241.71132000000003,249.01302,241.71132000000003,245.99162,15983092.0
2016-05-30,243.72557,255.81114,243.72557,250.6496,29886618.0
2016-05-31,250.77548,256.81827000000004,249.1389,255.93703,31522271.0
2016-06-01,260.595,261.09857,253.04153,253.67099,23629957.0
2016-06-02,255.30757000000003,260.8468,254.67812,259.08432,23694719.0
2016-06-03,258.07718,259.5879,253.04153,253.5451,22646519.0
2016-06-06,255.55936,256.94415,250.52371,252.1603,13700264.0
2016-06-07,251.90851,253.79688,248.88712,251.27905,11391817.0
2016-06-08,251.27905,254.17456,248.00587,251.02727,13822734.0
2016-06-13,249.01302,250.02014,240.45241,242.84433,15836922.0
2016-06-14,239.94884,244.48093,239.82295,241.20775,14341551.0
2016-06-15,239.31938,248.00587,237.93457,245.23627,15709209.0
2016-06-16,245.11038,246.87286,240.70418,241.45953,12076714.0
2016-06-17,242.34077,243.85147,240.70418,241.71132000000003,12381068.0
2016-06-20,242.71844,244.98448,239.31938,244.48093,12645819.0
2016-06-21,249.2648,259.2102,247.50232000000003,251.15317,32560019.0
2016-06-22,249.2648,251.78262,247.50232000000003,251.53084,14451299.0
2016-06-23,250.52371,255.81114,249.51657000000003,251.15317,13740798.0
2016-06-24,250.14603,252.41208,239.44527,246.24341,15209288.0
2016-06-27,245.23627,254.30045,244.98448,253.79688,20308061.0
2016-06-28,252.03441,256.1888,249.51657000000003,254.42633,18229211.0
2016-06-29,255.55936,256.1888,251.40495,252.91565,11397341.0
2016-06-30,253.5451,254.17456,249.51657000000003,251.40495,10650687.0
2016-07-01,250.52371,253.16742,247.87999,249.89426,9775220.0
2016-07-04,250.02014,255.81114,249.01302,254.17456,17273100.0
2016-07-05,254.55223,255.43347000000003,252.03441,253.5451,13049426.0
2016-07-06,253.5451,253.5451,250.6496,252.53796,10604951.0
2016-07-07,253.04153,256.4406,250.02014,255.81114,18050498.0
2016-07-08,254.55223,255.43347000000003,251.53084,252.78975,12486130.0
2016-07-11,254.80402,254.9299,250.6496,252.78975,16951664.0
2016-07-12,252.78975,254.30045,248.50945,253.92278,17490932.0
2016-07-13,255.43347000000003,264.24585,255.43347000000003,263.99408,33108128.0
2016-07-14,262.73517000000004,262.73517000000004,259.46198,261.35037,18745514.0
2016-07-15,262.98123,266.24304,260.1272,265.63144,15193990.0
2016-07-18,264.00055,264.00055,258.4963,258.70016,31766625.0
2016-07-19,257.27313,262.98123,255.03065,260.5349,23482551.0
2016-07-20,259.9233,261.96194,257.06927,257.68085,12912817.0
2016-07-21,256.8654,261.96194,256.45767,259.9233,16707960.0
2016-07-22,260.33105,260.33105,255.03065,256.8654,17077781.0
2016-07-25,256.45767,258.29242,254.01134,255.64223,12672766.0
2016-07-26,255.43837,259.9233,254.82678,259.5156,14028794.0
2016-07-27,259.71945,264.2044,248.91481,257.27313,35925892.0
2016-07-28,254.41907,255.64223,249.73026,253.60362,15115001.0
2016-07-29,254.01134,254.41907,248.71094,249.93411,12911385.0
2016-08-01,248.91481,251.36115,245.65303,247.28392,13513929.0
2016-08-02,246.87619,248.50708,246.2646,248.30322,8454162.0
2016-08-03,247.69164,248.09937,245.65303,246.87619,16879832.0
2016-08-04,246.67233,250.34184,246.2646,249.32253,12523356.0
2016-08-05,248.30322,249.11867,245.85689,247.08005,8815292.0
2016-08-08,248.30322,248.50708,243.61441,248.30322,11806302.0
2016-08-09,247.69164,249.11867,246.06075,249.11867,17457046.0
2016-08-10,248.30322,249.11867,244.63371,245.65303,18956835.0
2016-08-11,245.04144,246.2646,240.9642,241.16808,19355245.0
2016-08-12,240.76035,243.61441,239.74104,242.79897000000005,14512629.0
2016-08-15,242.79897000000005,249.73026,242.18738,249.5264,30288736.0
2016-08-16,250.74956,251.36115,247.48778,249.11867,19027091.0
2016-08-17,248.91481,250.34184,247.48778,249.11867,12234379.0
2016-08-18,249.73026,249.73026,246.46848,247.08005,16383407.0
2016-08-19,246.2646,247.28392,244.42986,245.2453,12853910.0
2016-08-22,246.06075,246.06075,241.98352000000003,242.18738,12611944.0
2016-08-23,242.79897000000005,244.42986,241.98352000000003,244.226,12947332.0
2016-08-24,241.98352000000003,241.98352000000003,234.03293,236.68312000000003,58819194.0
2016-08-25,235.45995,238.51787,233.21748,238.31401,20491668.0
2016-08-26,239.12946,239.74104,236.88698,237.9063,17308424.0
2016-08-29,237.9063,238.31401,235.45995,237.70242,15817407.0
2016-08-30,237.09084,238.11015,235.05223,236.47926,15241754.0
2016-08-31,236.68312000000003,239.33331,235.86768,238.51787,15245312.0
2016-09-01,238.51787,239.53719,236.68312000000003,236.88698,10521034.0
2016-09-02,236.47926,241.57579,235.25609,241.37193,23173058.0
2016-09-05,240.9642,245.85689,240.55649,245.44916,26437993.0
2016-09-06,246.87619,269.09708,246.06075,264.2044,100750867.0
2016-09-07,268.0778,276.23224,264.2044,264.61212,116206221.0
2016-09-08,264.2044,265.42758,258.90402,262.57352000000003,35050534.0
2016-09-09,260.94263,263.59283,257.47700000000003,259.5156,28190177.0
2016-09-12,254.01134,261.14648,250.34184,260.5349,37149944.0
2016-09-13,257.8847,260.5349,255.03065,256.45767,26245234.0
2016-09-14,254.41907,256.66153,250.74956,255.03065,20409316.0
2016-09-19,254.82678,256.2538,252.38045,253.60362,19239032.0
2016-09-20,253.60362,254.41907,248.91481,250.13797,21030997.0
2016-09-21,250.95341,252.17659,249.5264,251.565,14602929.0
2016-09-22,252.17659,259.9233,251.76886,254.62292,27124034.0
2016-09-23,255.03065,256.04996,249.32253,249.5264,15434876.0
2016-09-26,249.5264,252.38045,243.00282,244.226,17752013.0
2016-09-27,243.61441,247.48778,241.16808,245.85689,16017579.0
2016-09-28,247.69164,247.8955,244.02213,244.63371,8653932.0
2016-09-29,245.04144,246.67233,243.81827,244.42986,9539446.0
2016-09-30,244.42986,245.65303,243.61441,244.83757000000003,7693489.0
2016-10-10,244.42986,245.65303,243.61441,244.83757000000003,7693489.0
2016-10-11,251.76886,257.27313,251.36115,254.21521,35995822.0
2016-10-12,251.97273,254.62292,250.95341,251.76886,16181188.0
2016-10-13,251.97273,253.19589,249.5264,251.36115,12055500.0
2016-10-14,250.95341,251.97273,247.8955,250.13797,10089021.0
2016-10-17,250.74956,251.565,247.28392,247.69164,10490953.0
2016-10-18,248.09937,251.565,247.08005,251.36115,12604436.0
2016-10-19,251.97273,252.17659,249.11867,249.73026,9467448.0
2016-10-20,249.73026,251.15729,248.50708,248.71094,9966959.0
2016-10-21,248.71094,250.13797,246.2646,248.09937,14163613.0
2016-10-24,248.50708,254.41907,248.09937,252.5843,20787026.0
2016-10-25,252.78818,254.41907,251.36115,251.76886,13177748.0
2016-10-26,250.74956,252.78818,249.11867,250.34184,10994800.0
2016-10-27,250.34184,250.95341,246.87619,248.09937,12686709.0
2016-10-28,246.87619,248.71094,245.44916,247.08005,14073840.0
2016-10-31,247.08005,248.30322,245.85689,248.09937,8029378.0
2016-11-01,248.30322,248.50708,247.08005,248.30322,9021277.0
2016-11-02,248.71094,251.36115,248.09937,249.73026,16259732.0
2016-11-03,248.91481,250.74956,247.48778,249.32253,11460291.0
2016-11-04,249.32253,250.34184,247.69164,249.5264,10388663.0
2016-11-07,249.73026,249.93411,247.69164,249.5264,9140948.0
2016-11-08,250.34184,252.17659,249.11867,249.93411,12632281.0
2016-11-09,250.13797,250.5457,243.61441,245.85689,16787952.0
2016-11-10,247.8955,249.5264,246.46848,248.71094,10649896.0
2016-11-11,249.32253,250.34184,247.69164,249.32253,10884433.0
2016-11-14,249.11867,250.74956,248.30322,250.13797,12432854.0
2016-11-15,250.13797,254.21521,249.11867,253.19589,19964419.0
2016-11-16,253.19589,255.43837,251.36115,251.97273,13627639.0
2016-11-17,252.17659,252.17659,249.32253,250.5457,9426326.0
2016-11-18,250.5457,251.565,249.5264,250.5457,7612283.0
2016-11-21,249.93411,253.39977,249.93411,251.36115,12517325.0
2016-11-22,251.76886,257.06927,250.34184,256.04996,29596371.0
2016-11-23,255.03065,259.5156,253.19589,254.82678,18157749.0
2016-11-24,255.23451,263.7967,255.23451,258.90402,37708535.0
2016-11-25,259.9233,265.01987,256.2538,259.71945,20456356.0
2016-11-28,262.36966,263.18512000000004,258.29242,261.7581,24541328.0
2016-11-29,261.7581,268.89322000000004,259.5156,265.42758,37456635.0
2016-11-30,265.01987,265.63144,256.8654,257.27313,24000120.0
2016-12-01,258.90402,263.38898,257.8847,259.9233,18040433.0
2016-12-02,260.1272,260.1272,255.23451,256.8654,14486045.0
2016-12-05,254.01134,263.38898,253.39977,257.8847,22927655.0
2016-12-06,258.08856000000003,261.14648,256.2538,258.08856000000003,15449262.0
2016-12-07,257.27313,259.10788,255.23451,258.4963,12357302.0
2016-12-08,258.90402,259.31174,256.04996,256.2538,7658353.0
2016-12-09,256.45767,256.45767,253.60362,254.82678,13222610.0
2016-12-12,255.23451,255.8461,246.06075,251.97273,23198946.0
2016-12-13,251.76886,251.76886,248.71094,249.73026,9311482.0
2016-12-14,249.5264,250.74956,246.06075,246.2646,10616757.0
2016-12-15,246.87619,252.17659,245.04144,251.76886,18401536.0
2016-12-16,251.76886,262.98123,251.76886,259.31174,25023634.0
2016-12-19,259.31174,262.36966,256.04996,260.33105,14057557.0
2016-12-20,260.94263,271.33957000000004,259.31174,265.22372,54927526.0
2016-12-21,267.05847,270.72797,263.38898,267.05847,32310978.0
2016-12-22,267.05847,271.95114,266.03915,271.1357,29965444.0
2016-12-23,271.33957000000004,272.35886,267.26233,271.1357,28176042.0
2016-12-26,268.89322000000004,268.89322000000004,257.68085,261.35034,33300259.0
2016-12-27,260.5349,262.77737,256.2538,256.66153,22229895.0
2016-12-28,256.66153,260.5349,253.39977,259.5156,22741449.0
2016-12-29,258.4963,263.38898,256.66153,261.14648,15959479.0
2016-12-30,260.94263,275.62067,260.1272,272.97046,42966416.0
2017-01-03,272.7666,287.24075,270.5241,284.3867,51189847.0
2017-01-04,285.20215,290.91025,279.69788,283.77512,44036063.0
2017-01-05,283.3674,290.50253,281.32877,289.27936,30587646.0
2017-01-06,290.50253,292.13342,280.1056,280.7172,25746959.0
2017-01-09,277.25156,286.22144,277.25156,281.1249,17179683.0
2017-01-10,281.32877,290.50253,281.32877,283.3674,14252219.0
2017-01-11,285.20215,285.20215,274.3975,275.21292,26489486.0
2017-01-12,277.4554,281.32877,274.19363,277.25156,12751880.0
2017-01-13,277.04767000000004,281.7365,275.82452,280.1056,15578206.0
2017-01-16,277.86313,286.22144,273.7859,285.81372000000005,44749176.0
2017-01-17,283.3674,286.42532,280.7172,285.20215,19032810.0
2017-01-18,285.60986,290.91025,282.34808,284.7944,28319261.0
2017-01-19,283.57126,296.82224,282.14423,294.9875,36859501.0
2017-01-20,294.9875,299.6763,292.54114,293.15274,20957004.0
2017-01-23,292.54114,296.61838,290.50253,292.13342,17387037.0
2017-01-24,292.13342,296.61838,288.87164,289.27936,15681279.0
2017-01-25,289.6871,298.45312,287.0369,297.6377,22850281.0
2017-01-26,296.61838,304.3651,295.3952,299.47244,21820255.0
2017-02-03,298.24927,301.7149,292.54114,294.37592,16081076.0
2017-02-06,292.74503,300.89948,292.74503,296.0068,11478352.0
2017-02-07,295.59906,297.22995,288.87164,290.50253,17560628.0
2017-02-08,291.11414,292.74503,286.22144,292.13342,12722639.0
2017-02-09,292.13342,300.69562,292.13342,294.57977,15728820.0
2017-02-10,294.57977,296.21066,290.50253,295.80295,19126396.0
2017-02-13,294.37592,297.84155,293.56046000000003,294.9875,16208323.0
2017-02-14,295.19135,297.6377,292.54114,296.0068,11279911.0
2017-02-15,295.19135,301.51105,290.50253,292.13342,25004806.0
2017-02-16,291.52185,297.6377,289.89096,294.17206,11797525.0
2017-02-17,295.3952,300.69562,293.7643,296.41452000000004,21060277.0
2017-02-20,299.6763,311.50027,299.6763,311.29642,37828643.0
2017-02-21,311.70413,312.9273,307.6269,311.908,17413477.0
2017-02-22,312.9273,313.53888,308.44235,311.09252999999995,14122457.0
2017-02-23,310.2771,313.74274,304.77283,308.6462,16939058.0
2017-02-24,307.83075,311.908,303.9574,308.44235,13452766.0
2017-02-27,309.46164,311.908,302.93808,304.3651,16356085.0
2017-02-28,302.53036000000003,310.48096,302.53036000000003,306.19986,15473031.0
2017-03-01,306.19986,306.81146,299.88016,301.3072,28288713.0
2017-03-02,301.51105,303.54968,300.49176,302.73422,10927474.0
2017-03-03,302.73422,310.88867,299.88016,309.25778,16365507.0
2017-03-06,309.46164,313.13116,307.42303,309.8694,13926532.0
2017-03-07,309.66553,312.9273,307.83075,311.29642,11838260.0
2017-03-08,311.29642,311.908,307.21918,309.66553,10129775.0
2017-03-09,307.83075,314.9659,304.16125,314.35434,18657040.0
2017-03-10,312.9273,322.5088,312.3157,318.6354,24424310.0
2017-03-13,318.02383,322.9165,314.35434,319.85858,13822076.0
2017-03-14,320.2663,329.8478,315.37363,321.48947000000004,26259477.0
2017-03-15,319.85858,321.48947000000004,314.9659,320.67404,12964299.0
2017-03-16,320.8779,327.80917,315.16977,319.85858,22412515.0
2017-03-17,319.65472,319.65472,312.9273,314.15045,30010194.0
2017-03-20,313.9466,320.8779,312.72342000000003,320.67404,14811510.0
2017-03-21,320.67404,329.2362,316.39294,324.5474,19287803.0
2017-03-22,323.12036,331.2748,321.2856,329.2362,22399890.0
2017-03-23,331.8864,332.70184,324.34354,328.62463,15024618.0
2017-03-24,328.42078,341.4679,326.586,330.05167,37178451.0
2017-03-27,332.29413,340.04086,324.13968,325.5667,23351545.0
2017-03-28,325.5667,329.03235,320.2663,323.93582000000004,16109594.0
2017-03-29,326.17828,330.66324,321.2856,328.8285,17034009.0
2017-03-30,332.29413,332.29413,322.10107,326.38214,18337357.0
2017-03-31,330.25552000000005,330.25552000000005,321.8972,325.97443,13489017.0
2017-04-05,326.38214,330.66324,324.13968,326.38214,27139802.0
2017-04-06,328.42078,339.63315,326.7899,338.00226000000004,26176597.0
2017-04-07,337.39066,341.06018,332.70184,336.37137,19504273.0
2017-04-10,339.4293,339.4293,331.2748,334.12888,13871251.0
2017-04-11,334.33273,336.37137,317.81998,328.62463,29867026.0
2017-04-12,324.75125,325.77057,313.33502000000004,322.71265,26489503.0
2017-04-13,329.64392000000004,335.5559,326.17828,326.38214,42695660.0
2017-04-14,326.38214,328.8285,315.98523,319.247,20390912.0
2017-04-17,316.1891,320.06244,312.51956,317.81998,15078414.0
2017-04-18,322.10107,326.7899,317.41223,323.52808,19253687.0
2017-04-19,321.48947000000004,328.8285,319.45087,328.62463,16988832.0
2017-04-20,329.44006,334.33273,328.2169,333.1096,24026398.0
2017-04-21,331.8864,335.35205,321.8972,326.7899,20830095.0
2017-04-24,326.17828,331.8864,315.78134,331.4787,22473462.0
2017-04-25,331.4787,343.30264,329.8478,340.65244,42129135.0
2017-04-26,342.4872,358.18454,342.4872,348.60306,48545851.0
2017-04-27,348.60306,351.86484,344.72968,349.4185,18559432.0
2017-04-28,346.97217,354.1073,346.1567,349.4185,18275565.0
2017-05-02,349.4185,355.12662,346.36057,350.0301,13920445.0
2017-05-03,348.80692,352.0687,343.0988,350.0301,22015410.0
2017-05-04,349.01077000000004,351.25323,341.26404,346.56442000000004,24089217.0
2017-05-05,346.56442000000004,349.8262,341.4679,347.99146,27444261.0
2017-05-08,346.56442000000004,354.7189,332.29413,339.02155,30798871.0
2017-05-09,333.92502,343.71036000000004,332.70184,341.26404,17461663.0
2017-05-10,344.1181,348.80692,339.4293,341.26404,17784754.0
2017-05-11,339.63315,342.69107,335.96362,340.44858,20856821.0
2017-05-12,340.65244,355.7382,340.65244,355.53432999999995,36248011.0
2017-05-15,358.3884,362.6695,353.6996,359.81543,27365365.0
2017-05-16,359.81543,364.30038,355.12662,363.68878,22237280.0
2017-05-17,360.0193,373.47415,358.99997,361.24246,32035999.0
2017-05-18,360.63086,371.63937,356.96136,361.65018,19342012.0
2017-05-19,362.46564,364.30038,356.3498,358.18454,15183090.0
2017-05-22,359.81543,370.00848,358.18454,369.80463,21312401.0
2017-05-23,370.21237,390.80237,370.21237,378.9784,38649218.0
2017-05-24,377.14365,380.40543,367.76602,379.18225,23205938.0
2017-05-25,376.73593,387.33673,372.45483,381.83246,21174866.0
2017-05-26,382.86276,385.3355,363.69904,372.3536,31638923.0
2017-05-31,370.9112,377.7112,366.17175,374.82635,14669878.0
2017-06-01,374.82635,395.43253,373.59,395.22647,39120240.0
2017-06-02,392.54767,397.28708,387.39612,390.89917,17733218.0
2017-06-05,390.89917,393.16586,383.48096,391.92947,15371447.0
2017-06-06,393.3719200000001,393.57797,385.12946,393.16586,20160799.0
2017-06-07,394.81436,409.03262,394.81436,400.37802,38133599.0
2017-06-08,399.55377,412.12354,398.11133,411.71143,25265277.0
2017-06-09,410.06293,419.74783,403.88107,417.89328,33247273.0
2017-06-12,415.83264,418.09933,410.06293,416.86295,21970738.0
2017-06-13,414.39023,417.48114,408.20837,408.82654,26306440.0
2017-06-14,406.76593,410.47504,397.28708,399.14166,33060796.0
2017-06-15,397.90527,402.02652,389.04462,390.6931,36455948.0
2017-06-16,390.6931,396.46286,390.07492,394.60828,21686197.0
2017-06-19,396.6689,402.43863,391.51736,394.40222,23087981.0
2017-06-20,397.90527,398.52347,385.3355,387.39612,31663871.0
2017-06-21,390.07492,411.91748,389.86887,411.50534,42250714.0
2017-06-22,411.2993,412.12354,395.6386,396.87497,35181041.0
2017-06-23,395.6386,408.00232,389.6628,405.52957,28210920.0
2017-06-26,406.972,417.6872,404.91138,416.03873,39202058.0
2017-06-27,416.24478,419.54178,407.38412,412.53568,21969955.0
2017-06-28,412.12354,412.12354,401.82047,406.76593,17622241.0
2017-06-29,406.972,418.3054,406.55988,411.91748,19090759.0
2017-06-30,410.06293,410.06293,402.64468,405.94168,32362178.0
2017-07-03,404.29318,404.29318,375.0324,381.42035,79391092.0
2017-07-04,384.9234,388.83856,381.42035,387.6022,27726596.0
2017-07-05,388.0143,390.48706,384.9234,389.86887,26544367.0
2017-07-06,389.25067,400.99622,387.80826,397.90527,37117857.0
2017-07-07,394.60828,400.79013,391.92947,396.05072,19837621.0
2017-07-10,396.6689,397.69922,376.06274,390.07492,42160936.0
2017-07-11,389.86887,397.08102,382.86276,393.9901,32640380.0
2017-07-12,393.16586,402.43863,391.10522,398.72952,30278865.0
2017-07-13,372.9718,391.51736,360.19598,378.74155,113197464.0
2017-07-14,374.0021,384.9234,369.8809,384.3052,39307524.0
2017-07-17,381.0082,396.6689,373.17786,387.80826,33809075.0
2017-07-18,385.9537,391.92947,376.6809,381.0082,23804707.0
2017-07-19,381.0082,393.57797,381.0082,391.51736,31608215.0
2017-07-20,400.79013,413.3599200000001,398.93558,402.64468,45308869.0
2017-07-21,403.05682,410.47504,401.20227,402.64468,25407931.0
2017-07-24,402.85077,411.09323,399.96588,406.76593,22019485.0
2017-07-25,405.94168,415.0084,402.43863,405.73563,16465498.0
2017-07-26,405.94168,408.00232,386.3658,395.22647,30430205.0
2017-07-27,394.81436,394.81436,383.48096,391.3113,19901514.0
2017-07-28,389.86887,400.99622,386.984,399.75983,20948600.0
2017-07-31,400.99622,404.91138,391.51736,396.05072,22356113.0
2017-08-01,396.25677,405.11743,391.51736,404.70532,18000259.0
2017-08-02,405.11743,406.35382,394.40222,395.84467,12887184.0
2017-08-03,395.84467,395.84467,381.21426,388.0143,32389228.0
2017-08-04,385.3355,390.89917,383.89307,387.6022,13605528.0
2017-08-07,386.15976,392.13556,383.48096,387.80826,11919062.0
2017-08-08,389.25067,389.25067,379.15366,383.89307,19946229.0
2017-08-09,385.3355,398.72952,380.5961,391.72342,18743918.0
2017-08-10,389.6628,405.94168,389.6628,402.23257,32262649.0
2017-08-11,403.26288,420.15994000000006,402.85077,405.94168,43633104.0
2017-08-14,408.00232,419.9539,407.59018,411.09323,34488172.0
2017-08-15,411.91748,420.15994000000006,411.09323,415.83264,31018909.0
2017-08-16,416.45084,418.71753,409.03262,411.91748,21075778.0
2017-08-17,411.71143,413.77203,406.55988,409.85687,15692785.0
2017-08-18,409.6508,417.2751,400.37802,415.6266,26363555.0
2017-08-21,412.3296,415.6266,407.59018,410.47504,18950865.0
2017-08-22,407.79623,412.3296,406.55988,408.41443,10661661.0
2017-08-23,409.23868,419.3357,408.82654,419.12964,19085701.0
2017-08-24,420.366,422.83875,413.9781,416.03873,12914115.0
2017-08-25,413.3599200000001,417.6872,412.94778,415.21448,18886759.0
2017-08-28,416.03873,416.24478,403.88107,410.47504,38909933.0
2017-08-29,408.62048,409.85687,402.85077,405.94168,25561636.0
2017-08-30,405.94168,409.85687,404.49927,406.35382,19205068.0
2017-08-31,406.55988,408.62048,393.3719200000001,404.29318,27946801.0
2017-09-01,404.91138,405.11743,395.6386,399.14166,24836660.0
2017-09-04,399.14166,416.86295,396.46286,410.06293,40219502.0
2017-09-05,411.50534,413.77203,405.94168,411.91748,25318597.0
2017-09-06,411.91748,414.39023,401.82047,403.67502,30133281.0
2017-09-07,415.6266,433.9661,412.94778,430.87515,67207472.0
2017-09-08,429.6388,438.0873,424.89938,428.19635,40322966.0
2017-09-11,426.96,448.59647,426.96,436.85095,51718048.0
2017-09-12,437.26306,453.95407,437.057,444.0631,46407754.0
2017-09-13,445.0934,457.45712,443.0328,455.3965,44345491.0
2017-09-14,455.80862,462.40262,437.26306,443.0328,42098370.0
2017-09-15,444.0631,445.91766,438.49945,442.82675,21603382.0
2017-09-18,449.21466,463.22687,443.651,444.6813,51713801.0
2017-09-19,446.7419,452.3055700000001,437.26306,452.09952,37675824.0
2017-09-20,448.18436,453.12982,438.49945,439.52975,36265836.0
2017-09-21,439.94186,449.21466,435.20245,442.20856,24061129.0
2017-09-22,438.49945,442.82675,431.90546,436.43884,21385438.0
2017-09-25,439.11765,448.59647,434.3782,438.91156,23882786.0
2017-09-26,438.91156,448.59647,435.6146,448.18436,19159442.0
2017-09-27,449.21466,462.60867,447.9783,456.22076,31760813.0
2017-09-28,453.3359,481.3603,452.51166,476.62088,39940223.0
2017-09-29,473.94208,478.6815,467.76022,476.82693,24660810.0
2017-10-09,484.45123,487.13004000000006,475.59058,478.0633,31195605.0
2017-10-10,478.0633,483.62698,432.7297,460.96017,132818827.0
2017-10-11,454.98438,471.88144000000005,449.62677,464.66928,49163469.0
2017-10-12,469.82083,480.7421,467.96628,475.59058,28741515.0
2017-10-13,474.3542,480.33,465.08142,470.0269,30104387.0
2017-10-16,471.46933,491.86945,471.46933,489.19064,39020534.0
2017-10-17,488.9846,493.724,481.9785,487.54214,20566310.0
2017-10-18,488.57245,508.56046,484.6573,507.7362,35180000.0
2017-10-19,507.94226,512.26953,498.25735,504.64526,17932780.0
2017-10-20,499.49374000000006,506.0877,492.89975,502.58466,16307503.0
2017-10-23,501.3483,514.53625,498.87555,504.4392,17646178.0
2017-10-24,506.91196,506.91196,492.0755,497.4331,18855431.0
2017-10-25,498.0513,526.4878,494.96036,523.3969,30767638.0
2017-10-26,526.4878,540.0879,517.009,520.512,34797782.0
2017-10-27,519.27563,531.22723,513.0938,528.9606,22092439.0
2017-10-30,529.1666,544.6213,522.3666,533.90607,35471431.0
2017-10-31,535.9667,537.8212,517.4211,532.25757,27806889.0
2017-11-01,528.3424,534.52423,520.92413,525.4575,31303071.0
2017-11-02,527.5181,538.8515,519.48175,536.7909,30632778.0
2017-11-03,533.90607,558.01526,531.6393400000001,550.59705,41437097.0
2017-11-06,556.36676,595.93066,552.8637,594.6943,59239581.0
2017-11-07,591.1912,605.4095,574.5002400000001,586.4518,44199673.0
2017-11-08,592.01544,592.01544,570.37897,576.56085,41443587.0
2017-11-09,572.2335,607.4701,566.8759,602.93677,47317642.0
2017-11-10,599.2276,616.9489,593.4579,611.5913,52997873.0
2017-11-13,604.37915,619.21564,599.2276,606.02765,40744981.0
2017-11-14,607.8822,615.50653,552.24554,560.90015,88262866.0
2017-11-15,556.36676,570.37897,539.4697,558.83954,70408714.0
2017-11-16,555.3365,572.4396,535.7606,566.25775,63527642.0
2017-11-17,560.4880400000001,567.49414,532.6697,533.90607,46228788.0
2017-11-20,526.6939,555.95465,520.30597,551.00916,62876579.0
2017-11-21,550.18494,568.9365,540.9122,558.01526,65630180.0
2017-11-22,566.0517,578.4154,536.3788,554.9243,82428190.0
2017-11-23,550.18494,550.18494,515.7726,518.8635,68079347.0
2017-11-24,510.415,525.0454,506.91196,513.29987,39728440.0
2017-11-27,516.18475,517.62714,496.4028,505.4695,38674731.0
2017-11-28,503.20285,524.0151,502.7907,523.60297,37556679.0
2017-11-29,523.3969,523.3969,505.88165,516.8029,36295736.0
2017-11-30,513.0938,520.92413,496.60886,501.3483,28466746.0
2017-12-01,501.3483,526.6939,500.7301,521.3363,48059784.0
2017-12-04,515.3605,540.0879,515.1544,535.1424,35458204.0
2017-12-05,531.8454,540.29395,515.1544,528.3424,30592258.0
2017-12-06,543.797,549.7728,522.1605,543.59094,57083389.0
2017-12-07,538.64545,546.2698,531.0212,531.8454,31159274.0
2017-12-08,529.1666,545.4455,524.0151,540.29395,38988574.0
2017-12-11,545.4455,571.61536,534.1121,570.585,65356823.0
2017-12-12,566.66986,576.1487,562.1365400000001,567.7002,53542490.0
2017-12-13,564.8153,580.8881,564.8153,572.6456,41408210.0
2017-12-14,572.85175,574.2941,549.3606599999999,566.8759,47671300.0
2017-12-15,556.5728,564.19714,546.0637,553.06976,32673217.0
2017-12-18,563.1668,563.1668,535.7606,536.7909,25760772.0
2017-12-19,537.8212,551.4213,536.7909,545.8576,30077380.0
2017-12-20,544.00305,552.0395,538.4394,542.5606700000001,22621215.0
2017-12-21,542.5606700000001,572.02747,540.9122,567.90625,53950739.0
2017-12-22,566.0517,573.882,557.19104,561.5183,33080752.0
2017-12-25,561.9304,563.5789,539.4697,546.4758,35157030.0
2017-12-26,544.4152,552.65765,539.0576,549.9789,29620652.0
2017-12-27,547.7121599999999,549.9789,508.56046,513.29987,65964347.0
2017-12-28,508.3544,514.53625,500.7301,511.0332,45851548.0
2017-12-29,512.47565,527.106,511.0332,523.1908599999999,34372901.0
2018-01-02,527.7242,530.8151,509.17862,521.7484,32866123.0
2018-01-03,520.30597,541.5303299999999,515.7726,535.7606,42425602.0
2018-01-04,533.2878400000001,543.797,529.99084,536.3788,28451378.0
2018-01-05,538.8515,544.00305,528.7545,538.0273,25094642.0
2018-01-08,529.7848,531.22723,511.0332,516.3908,42897895.0
2018-01-09,521.7484,530.6091,514.3302,529.57874,32737677.0
2018-01-10,528.9606,528.9606,513.0938,519.48175,23848631.0
2018-01-11,515.5665,531.0212,506.91196,523.3969,23970930.0
2018-01-12,523.3969,524.4272,508.97256,513.29987,29862844.0
2018-01-15,513.0938,514.7423,476.20874,477.033,72646656.0
2018-01-16,480.12393,486.7179,448.3904,459.10562,104824721.0
2018-01-17,459.51776,474.56024,436.85095,465.6996,79202954.0
2018-01-18,466.31778,475.3845,461.78442,468.99658,48937530.0
2018-01-19,467.76022,474.56024,460.13593,470.0269,40839945.0
2018-01-22,471.05722,497.84525,471.05722,497.22705,72775164.0
2018-01-23,498.25735,512.0635,494.7543,497.63916,50792266.0
2018-01-24,495.9907,511.4453,483.83304,508.97256,47670610.0
2018-01-25,506.91196,516.8029,500.7301,505.6756,34355262.0
2018-01-26,506.91196,514.94836,503.20285,512.88776,25973099.0
2018-01-29,512.0635,512.0635,461.57837,467.14203,78842183.0
2018-01-30,464.66928,480.12393,461.78442,472.29358,38522584.0
2018-01-31,471.05722,482.18454,471.05722,478.47543,30783115.0
2018-02-01,482.59668,486.0997,454.98438,472.7057,44807728.0
2018-02-02,468.37842,488.57245,461.78442,480.7421,31714568.0
2018-02-05,476.82693,486.0997,459.51776,463.63898,39012323.0
2018-02-06,465.6996,467.76022,430.257,431.08124,61616003.0
2018-02-07,447.15405,451.89346,412.3296,437.6752,53443026.0
2018-02-08,432.9358,462.60867,432.9358,461.16623,56428406.0
2018-02-09,447.3601,478.47543,437.057,463.84503,63962005.0
2018-02-12,474.3542,494.54825,470.85114,493.93005,51086600.0
2018-02-13,498.6695,502.58466,482.80273,488.9846,33326233.0
2018-02-14,490.83914,496.19675,486.3058,492.89975,19342701.0
2018-02-22,496.60886,508.7665,490.83914,500.52405,30352584.0
2018-02-23,494.7543,506.49982,489.60275,497.021,23278015.0
2018-02-26,500.7301,529.3727,498.4634,517.62714,69511309.0
2018-02-27,522.3666,537.8212,515.1544,524.4272,51708576.0
2018-02-28,517.215,538.23334,513.29987,528.3424,40182286.0
2018-03-01,520.92413,539.4697,515.7726,535.9667,34595389.0
2018-03-02,530.6091,537.8212,516.18475,521.1302,30133257.0
2018-03-05,523.3969,529.7848,513.712,525.6636,26585434.0
2018-03-06,524.2211,555.54254,524.2211,544.2091,47630301.0
2018-03-07,543.59094,551.00916,534.7303,535.7606,23333020.0
2018-03-08,535.7606,540.9122,523.3969,534.3182,21724623.0
2018-03-09,537.6152,557.3971,531.8454,554.1001,41082317.0
2018-03-12,558.83954,575.5305,551.2152,559.25165,50123123.0
2018-03-13,558.42737,565.84564,546.4758,550.391,27335569.0
2018-03-14,545.65155,554.5122,539.0576,541.1182,25351020.0
2018-03-15,537.8212,548.5364400000001,534.52423,544.00305,25760728.0
2018-03-16,541.3243,545.2394400000001,524.4272,525.0454,24452308.0
2018-03-19,521.3363,539.88184,520.92413,533.7,23842784.0
2018-03-20,531.0212,549.3606599999999,527.5181,547.9183,27747065.0
2018-03-21,556.1607,558.83954,538.8515,546.2698,30219946.0
